0	100225
1	1002672
2	1003110
3	100379
4	1004901
5	1005039
6	1006005
7	1006576
8	1006
9	1007105
10	100716
11	1007676
12	1008460
13	1008
14	1010
15	101192
16	101385
17	1014
18	101564
19	101571
20	1016987
21	1017
22	1018
23	1019
24	102116
25	102134
26	102684
27	1027273
28	1028416
29	1028989
30	1030157
31	1031542
32	1032072
33	1033854
34	1034015
35	1034889
36	103731
37	103855
38	1038856
39	1038928
40	104087
41	104102
42	1041504
43	1042156
44	1042877
45	104336
46	1045808
47	104623
48	1048396
49	1048758
50	1049
51	104
52	1050174
53	1050370
54	105219
55	1052
56	1053
57	1054217
58	1055487
59	105560
60	1061
61	106370
62	1063
63	106578
64	106590
65	106592
66	106634
67	106648
68	106654
69	1069
70	106
71	1070130
72	1072256
73	1073996
74	107401
75	1074467
76	1076550
77	1076588
78	1076596
79	1076
80	107709
81	1077935
82	1077946
83	1079
84	1080068
85	108007
86	108010
87	108150
88	1082704
89	1082851
90	108486
91	1084
92	1085624
93	1085
94	1089444
95	108981
96	1090615
97	109232
98	109266
99	1092
100	1094342
101	1094
102	1096243
103	1096
104	109790
105	1097
106	1100
107	110164
108	1102
109	110319
110	110321
111	110539
112	110662
113	1108595
114	1108
115	1109412
116	1109743
117	111015
118	1111069
119	1112
120	111501
121	111504
122	1117645
123	111781
124	1118153
125	111955
126	1121358
127	1124597
128	1125847
129	1126833
130	1126
131	113107
132	1131703
133	1131707
134	113267
135	1134405
136	1134435
137	1134687
138	113562
139	1136497
140	113653
141	1136941
142	1137095
143	1137606
144	1138822
145	114090
146	1141883
147	1144748
148	114527
149	114615
150	114616
151	1147
152	1148157
153	1148509
154	1149133
155	114
156	1150389
157	115561
158	1155739
159	1156431
160	1156433
161	1157948
162	115808
163	1158459
164	1159327
165	1160721
166	1160784
167	1160
168	1161942
169	1163710
170	1164
171	1165
172	1166130
173	1166950
174	1168034
175	117157
176	117207
177	1173025
178	1173026
179	1173027
180	1173032
181	1173263
182	1175444
183	1175445
184	1176482
185	1176587
186	1176649
187	1177574
188	1177712
189	1178482
190	1178515
191	1178516
192	1178537
193	1178778
194	118000
195	118062
196	1182568
197	1182571
198	118323
199	1183377
200	1184387
201	1184
202	118562
203	1186051
204	118613
205	1188228
206	1188319
207	1191459
208	119206
209	1192162
210	119219
211	1193095
212	119394
213	119484
214	1196083
215	1196095
216	1197717
217	1197
218	119858
219	119864
220	1199245
221	119
222	11
223	1200300
224	120107
225	1203471
226	1206777
227	1206
228	1207075
229	1207504
230	1208324
231	1209493
232	120962
233	120
234	1211326
235	121292
236	1214604
237	1215089
238	1216932
239	121719
240	1217908
241	1218493
242	1219
243	1221500
244	1223514
245	122355
246	1223566
247	122420
248	1226968
249	1229727
250	1229909
251	1229
252	1230341
253	1230998
254	1231000
255	1231
256	1233873
257	1234841
258	1235591
259	1235990
260	1236179
261	123841
262	123899
263	1238
264	1239307
265	1239415
266	1244531
267	1244
268	1245526
269	1245
270	1246
271	1247
272	1248727
273	1249552
274	1249553
275	1249933
276	1249
277	1250205
278	1250231
279	1250295
280	1250539
281	1252
282	1254
283	125593
284	1255
285	1257021
286	1259844
287	125
288	1260
289	1261031
290	1262452
291	1263550
292	126385
293	1263979
294	1264
295	1265445
296	1267021
297	126740
298	1267766
299	1267768
300	1270
301	1273132
302	1273541
303	1274359
304	1274631
305	1274
306	1276
307	1277350
308	1278212
309	1280380
310	1280
311	1281578
312	1281
313	1282
314	1283291
315	1283
316	1284
317	1286
318	1287055
319	128780
320	1288494
321	1288970
322	1288
323	128944
324	128
325	1290
326	1291540
327	1292
328	129338
329	1294143
330	1294
331	1295392
332	1295609
333	1295642
334	1295
335	1296669
336	1296
337	1297617
338	1297742
339	129817
340	1298881
341	129921
342	129958
343	129985
344	1299
345	1300914
346	1301032
347	1301915
348	1302308
349	1302659
350	1302
351	1303590
352	1303
353	1304
354	1305
355	1306274
356	1306519
357	1306787
358	1307761
359	1307763
360	1307839
361	1307
362	1308
363	1309411
364	1309
365	1310
366	131110
367	131112
368	1312072
369	1312183
370	1313
371	1314
372	131568
373	1315974
374	1316444
375	1316593
376	1316596
377	1316941
378	1318743
379	1318
380	132132
381	1322
382	1324350
383	1324352
384	1325564
385	1326
386	1327635
387	1328
388	132919
389	132920
390	1329899
391	1330330
392	1331258
393	1331682
394	1331910
395	1332080
396	1332264
397	1333523
398	1333996
399	1334193
400	133453
401	1334
402	1335048
403	133539
404	1335613
405	1335746
406	1335757
407	1335
408	1336794
409	1336795
410	1336796
411	1336802
412	1336804
413	1336806
414	1336
415	1337936
416	1338689
417	1338
418	133924
419	133926
420	1340425
421	1340
422	134287
423	134536
424	134537
425	1345
426	134601
427	1346287
428	1346
429	1348114
430	134821
431	1348774
432	1348
433	1349819
434	1349
435	1351
436	1352
437	135487
438	1354
439	1355015
440	1355330
441	1355477
442	135569
443	135577
444	1356852
445	135727
446	135735
447	1357915
448	1357916
449	1358
450	136073
451	136094
452	136241
453	1363
454	1364
455	1366
456	136857
457	13690
458	137591
459	13769
460	1376
461	1377
462	1379159
463	1379270
464	1379702
465	1379870
466	1379909
467	1379910
468	138072
469	1382
470	138336
471	1383885
472	1384459
473	1385591
474	1385592
475	138563
476	1385663
477	1385664
478	1387353
479	138853
480	1388755
481	1389004
482	1389005
483	1389011
484	1389713
485	139021
486	1390395
487	1391653
488	139208
489	1392877
490	1392
491	1393
492	1394889
493	1397108
494	1398
495	1399115
496	139
497	1400053
498	1401
499	1402135
500	1404244
501	1404367
502	1404768
503	1404
504	1405
505	1406512
506	1406
507	1407071
508	1407499
509	1408191
510	1408204
511	1408281
512	1408
513	140
514	1410383
515	1410606
516	1411117
517	1411621
518	1411902
519	1413
520	141451
521	1415568
522	1415630
523	1415657
524	1416614
525	1416627
526	1416803
527	1416806
528	141
529	142058
530	1420916
531	1420917
532	1421
533	1422
534	1424294
535	142651
536	1427356
537	1427364
538	142864
539	142877
540	142
541	1432056
542	143223
543	1432792
544	1433126
545	1433513
546	143361
547	143393
548	1434072
549	1434100
550	1435069
551	1436290
552	1437360
553	1437453
554	143813
555	143
556	1441095
557	1442032
558	1442136
559	1444770
560	1445505
561	1446467
562	1446794
563	1449
564	144
565	1450761
566	145261
567	145262
568	145263
569	1452
570	1453352
571	145458
572	1457141
573	1457153
574	1457365
575	1458307
576	1458425
577	1458426
578	1458461
579	1461582
580	1462996
581	1462
582	1464
583	1465
584	146786
585	1467
586	146826
587	146827
588	146919
589	146923
590	146939
591	1469502
592	1470176
593	1470434
594	1471761
595	1471
596	1472345
597	147268
598	1472767
599	1473
600	147645
601	1476577
602	1476
603	147709
604	1478
605	1479
606	1482074
607	1482
608	1484116
609	1484118
610	1484158
611	148447
612	1484693
613	1486034
614	1486245
615	1486262
616	1486991
617	1487956
618	148813
619	148814
620	1488
621	1491
622	1492737
623	1492898
624	1492
625	1493
626	1494608
627	1494
628	1495144
629	1495769
630	1496
631	1497
632	1499686
633	1499973
634	14
635	1500254
636	1500960
637	150123
638	1501268
639	1501269
640	1501
641	1502
642	1503054
643	1503055
644	150396
645	1504981
646	1504
647	1505596
648	1505597
649	1505907
650	1505
651	150829
652	1508404
653	1508419
654	1508420
655	1509244
656	1509
657	1510841
658	1510
659	1511761
660	1511
661	151276
662	1513
663	1514074
664	1514105
665	1515612
666	1515
667	1517
668	151895
669	1519
670	1520670
671	1520
672	1521
673	152260
674	152268
675	152331
676	152480
677	152500
678	1525
679	1526571
680	1526658
681	152682
682	1526927
683	152794
684	1528098
685	1528099
686	1529068
687	1529069
688	1531429
689	1532555
690	1532905
691	1534110
692	1534743
693	153496
694	1534
695	1535768
696	1536769
697	1536770
698	1536771
699	1536772
700	1536773
701	1536774
702	1536775
703	1538553
704	1538644
705	1539298
706	153948
707	1540872
708	1541959
709	1542390
710	1542
711	1543721
712	1545702
713	1545728
714	1546149
715	1547283
716	1547445
717	1547898
718	1548018
719	1548547
720	1548548
721	1548
722	1549855
723	1549858
724	154
725	1550240
726	1550241
727	1550579
728	155077
729	155085
730	155194
731	1555112
732	1556
733	155863
734	155866
735	155892
736	155978
737	1560345
738	1561003
739	1561022
740	1561023
741	1561924
742	1561
743	1562970
744	1563
745	1564114
746	1564506
747	1564681
748	1564
749	1565991
750	1565
751	1566358
752	156976
753	156978
754	1570939
755	1570
756	1571470
757	1571
758	1572656
759	1575
760	1576550
761	157673
762	1577685
763	1577791
764	157779
765	157782
766	157783
767	1578165
768	1579316
769	1579979
770	1579
771	1580092
772	1580596
773	158080
774	1580
775	1581011
776	1581038
777	1581557
778	1581680
779	1581
780	1582
781	1583098
782	1583100
783	158327
784	1584
785	158500
786	1586287
787	158787
788	1587
789	158822
790	158836
791	158841
792	158847
793	158899
794	1589
795	158
796	1591088
797	1592728
798	159346
799	1593482
800	1596
801	159743
802	1598
803	1599
804	159
805	1600
806	1601
807	160233
808	1602
809	1603555
810	1603606
811	160386
812	1603
813	1604004
814	160453
815	1604
816	1605891
817	160660
818	160791
819	160799
820	160808
821	1608473
822	1608628
823	1608957
824	1609559
825	1609758
826	1609966
827	1609968
828	1609977
829	1610493
830	1610
831	161154
832	1612173
833	1612
834	161360
835	161398
836	1613
837	161493
838	1615909
839	1616117
840	1616788
841	1617448
842	1618022
843	1618207
844	161879
845	161895
846	161896
847	161899
848	1619308
849	1619311
850	1619313
851	1620215
852	1620392
853	1620421
854	1621989
855	162209
856	1622118
857	1622
858	1623
859	162426
860	1624
861	1625
862	1628086
863	1629
864	163003
865	163011
866	1630135
867	1630141
868	1630693
869	1631871
870	1632864
871	1634516
872	1636152
873	1636603
874	1636606
875	1636608
876	1636610
877	1637853
878	1637862
879	1637869
880	1637999
881	163877
882	1638
883	1639108
884	1639348
885	1639
886	1640
887	1641402
888	1642646
889	1642647
890	1642
891	1643450
892	164348
893	164393
894	1643
895	1644131
896	164451
897	164514
898	164516
899	164546
900	1646498
901	1646
902	1647413
903	1648404
904	1648923
905	1648
906	1649877
907	1650658
908	165096
909	1652495
910	1652545
911	1653476
912	1653478
913	1653480
914	1653831
915	165694
916	1658665
917	1658671
918	1658672
919	1659194
920	1660064
921	1660073
922	1660074
923	1660083
924	1661694
925	1661
926	1662285
927	166314
928	1663591
929	1664069
930	166501
931	166935
932	1670800
933	1671721
934	1673076
935	1673428
936	1674146
937	167468
938	1674923
939	1675036
940	1675686
941	167642
942	1677857
943	1678028
944	1678128
945	1678129
946	1678728
947	1679001
948	1679096
949	1679444
950	167964
951	1679721
952	167
953	1680
954	168169
955	1681
956	1682113
957	1683
958	168471
959	1684
960	1685010
961	1685
962	1686310
963	168695
964	168697
965	1686
966	1689
967	1690221
968	1690815
969	1692238
970	169283
971	169292
972	169402
973	169427
974	169430
975	1694
976	1695218
977	169669
978	169679
979	1697043
980	1697053
981	169760
982	1697
983	1699621
984	1699622
985	1699623
986	1699624
987	1702221
988	1702287
989	1702325
990	1703250
991	1703
992	1704044
993	1704307
994	1704499
995	1705310
996	1705394
997	1705566
998	1705617
999	170573
1000	1705
1001	1707785
1002	170861
1003	1708
1004	1710
1005	1711
1006	1712654
1007	1712675
1008	171279
1009	171284
1010	1714373
1011	171437
1012	1714845
1013	1714848
1014	1714849
1015	1714860
1016	1715989
1017	1716143
1018	171632
1019	171695
1020	1717717
1021	1717
1022	1719
1023	1720344
1024	172045
1025	172049
1026	1721091
1027	1721
1028	1723645
1029	1724
1030	1725232
1031	1725411
1032	1725
1033	172713
1034	1727163
1035	1727164
1036	1727196
1037	1727
1038	1729720
1039	172
1040	1731
1041	173480
1042	1736046
1043	1736226
1044	1736674
1045	1736675
1046	1736691
1047	1736
1048	1737359
1049	1737425
1050	1737490
1051	173
1052	1740163
1053	1741
1054	1743168
1055	1744
1056	1746199
1057	174633
1058	1747
1059	1748
1060	1749074
1061	1749259
1062	174
1063	1750719
1064	1750
1065	1751294
1066	1752063
1067	1752064
1068	1755504
1069	1755811
1070	1756150
1071	1756988
1072	1758178
1073	1758189
1074	1758194
1075	1758689
1076	1759059
1077	1759399
1078	1759437
1079	1761016
1080	176102
1081	1761453
1082	1761794
1083	1761891
1084	1763363
1085	1763534
1086	1763535
1087	1763536
1088	1763538
1089	1764
1090	1765967
1091	1768108
1092	1768242
1093	1768
1094	1769779
1095	1769
1096	1771309
1097	1771
1098	1772
1099	1774273
1100	1774
1101	1778262
1102	1778263
1103	1778264
1104	1778675
1105	1779382
1106	178339
1107	1783515
1108	178399
1109	1784713
1110	1784714
1111	1785128
1112	1785996
1113	178606
1114	1788301
1115	178899
1116	1788
1117	1789224
1118	1789762
1119	1790137
1120	1791
1121	1792307
1122	1792508
1123	1794699
1124	1795043
1125	1795053
1126	1795355
1127	1795630
1128	1795631
1129	179636
1130	1796606
1131	1796613
1132	1796646
1133	1796921
1134	1797
1135	1798193
1136	1798205
1137	1798223
1138	1798224
1139	1798225
1140	179879
1141	1800
1142	180282
1143	1802984
1144	1803846
1145	1804984
1146	1804986
1147	1804
1148	1805478
1149	1805714
1150	1805827
1151	1805933
1152	1806508
1153	1806885
1154	1806891
1155	1806905
1156	1807358
1157	1808001
1158	1809410
1159	180
1160	1810504
1161	1810
1162	1811193
1163	1812480
1164	1812935
1165	1813019
1166	1814128
1167	1814
1168	1816218
1169	1816219
1170	181663
1171	1821621
1172	182210
1173	182337
1174	1823759
1175	1825069
1176	1825976
1177	182640
1178	182710
1179	1827144
1180	1827300
1181	1827305
1182	1827469
1183	1827580
1184	182773
1185	1828
1186	1829
1187	1830
1188	1833852
1189	1834196
1190	1834205
1191	1834519
1192	1835254
1193	1835721
1194	1836467
1195	1836
1196	1837283
1197	183795
1198	1838286
1199	1839801
1200	184064
1201	184117
1202	1841249
1203	1841863
1204	1842532
1205	1842533
1206	1842534
1207	1842535
1208	1842536
1209	1842537
1210	1842539
1211	1842540
1212	1842727
1213	1843368
1214	1844006
1215	1844971
1216	1846278
1217	1847728
1218	1848255
1219	1848754
1220	1848755
1221	1848756
1222	1848904
1223	1849032
1224	184914
1225	184917
1226	1849491
1227	1849967
1228	185008
1229	1850093
1230	1850238
1231	1850246
1232	1850250
1233	1850252
1234	1850254
1235	1850526
1236	1851167
1237	1851395
1238	1851505
1239	1851544
1240	1852373
1241	1852374
1242	1852377
1243	1852
1244	185300
1245	1853130
1246	1853276
1247	1853278
1248	1855336
1249	1855352
1250	1855377
1251	1855519
1252	1855726
1253	1855823
1254	1855912
1255	1856685
1256	1858609
1257	1859
1258	1860122
1259	186189
1260	186192
1261	1861
1262	1863
1263	186490
1264	1866325
1265	1866
1266	1867719
1267	1867846
1268	1868325
1269	1868589
1270	1869170
1271	1869241
1272	186931
1273	1870819
1274	1870820
1275	1870984
1276	187101
1277	1871021
1278	1871022
1279	1871025
1280	1871034
1281	1871037
1282	1871111
1283	187137
1284	187145
1285	187303
1286	187327
1287	1873524
1288	1873716
1289	1874061
1290	1874317
1291	187452
1292	187491
1293	187493
1294	1877
1295	187878
1296	187880
1297	1878942
1298	1879023
1299	1879049
1300	1879050
1301	1881016
1302	1881017
1303	1881061
1304	1881
1305	1882682
1306	1882747
1307	1882749
1308	1882757
1309	1882831
1310	1882832
1311	1882833
1312	1882918
1313	1883416
1314	1884263
1315	1884634
1316	1884904
1317	1884905
1318	1884907
1319	1884913
1320	1884914
1321	1884915
1322	1884916
1323	1885
1324	188770
1325	1888195
1326	1888
1327	188908
1328	188932
1329	1889813
1330	1889
1331	1890
1332	1891280
1333	1891675
1334	1891926
1335	1892404
1336	1892
1337	189381
1338	189385
1339	1893
1340	189425
1341	189426
1342	1894
1343	1896164
1344	1896175
1345	1896196
1346	1896961
1347	1897729
1348	189834
1349	1898474
1350	1898684
1351	1898749
1352	1901
1353	1902136
1354	1903186
1355	1903686
1356	1903694
1357	1903704
1358	1904441
1359	1904640
1360	1904944
1361	1905730
1362	1905847
1363	1906738
1364	1906741
1365	1906742
1366	190721
1367	1907575
1368	1907578
1369	1907
1370	190893
1371	190895
1372	1908
1373	1909395
1374	1909732
1375	191026
1376	1911175
1377	1911586
1378	1911587
1379	1911683
1380	1911684
1381	1911
1382	1912795
1383	1912856
1384	1912897
1385	1912
1386	1913577
1387	1913578
1388	191390
1389	1914525
1390	1914861
1391	191493
1392	191495
1393	1914
1394	1915078
1395	1915310
1396	191579
1397	1915
1398	191610
1399	1916956
1400	1917421
1401	1917441
1402	1917485
1403	1920110
1404	1920114
1405	192073
1406	1920749
1407	1920883
1408	1921086
1409	1921087
1410	1921421
1411	1921510
1412	1922217
1413	1922222
1414	1922225
1415	1922226
1416	192421
1417	1925548
1418	1926494
1419	1926
1420	1927128
1421	192812
1422	192843
1423	1929246
1424	192
1425	1930532
1426	1930557
1427	1930
1428	1931241
1429	1932004
1430	1932360
1431	1933220
1432	1933880
1433	1933904
1434	1934254
1435	193462
1436	1935
1437	1936029
1438	1936080
1439	1936081
1440	1937004
1441	1938334
1442	1938604
1443	1938605
1444	1938606
1445	1938607
1446	1938841
1447	193
1448	1940762
1449	1940790
1450	1940
1451	1941349
1452	194424
1453	1944646
1454	1945512
1455	1945662
1456	1945892
1457	194963
1458	1950
1459	195248
1460	195250
1461	195253
1462	1954171
1463	1954172
1464	195498
1465	195522
1466	195
1467	1960083
1468	1961362
1469	196162
1470	1964448
1471	1964449
1472	1965231
1473	1967665
1474	1967782
1475	1967783
1476	1968541
1477	196914
1478	1969806
1479	1969
1480	196
1481	1971364
1482	197162
1483	1971
1484	1972431
1485	1973475
1486	1973486
1487	1974213
1488	197482
1489	197614
1490	1977864
1491	1977865
1492	1978339
1493	1978566
1494	197
1495	1980001
1496	198107
1497	1981173
1498	1981174
1499	1981510
1500	1982042
1501	198252
1502	1985254
1503	1985873
1504	1986146
1505	198618
1506	1986204
1507	198620
1508	1986952
1509	1987356
1510	1987723
1511	198
1512	1990687
1513	199441
1514	199596
1515	199
1516	19
1517	2001
1518	2003121
1519	2003315
1520	2003551
1521	200415
1522	200450
1523	200451
1524	2004644
1525	2004646
1526	2004647
1527	2004650
1528	2005262
1529	2005456
1530	2005458
1531	2005460
1532	2005461
1533	2005462
1534	2005464
1535	2005703
1536	2005884
1537	2006110
1538	2006
1539	2007306
1540	2008440
1541	2009329
1542	200991
1543	200
1544	2011012
1545	2011159
1546	2014534
1547	2014541
1548	2014542
1549	2014742
1550	2014
1551	2015076
1552	2015316
1553	2016361
1554	2017483
1555	2017484
1556	2017485
1557	2018025
1558	2018065
1559	2018067
1560	2018305
1561	201
1562	2020311
1563	2020312
1564	2020486
1565	2020
1566	2021234
1567	2021862
1568	2021971
1569	2021
1570	2023229
1571	2023772
1572	2024580
1573	202462
1574	2025492
1575	2025658
1576	2025808
1577	2025876
1578	2025949
1579	2026199
1580	2026240
1581	2026785
1582	2026787
1583	2026799
1584	2026885
1585	2027290
1586	202747
1587	2027857
1588	2027919
1589	2028343
1590	2029983
1591	2029986
1592	2030797
1593	203263
1594	2033032
1595	2033033
1596	2033435
1597	2033437
1598	2033869
1599	2033
1600	2036206
1601	203907
1602	2039166
1603	2039870
1604	2039
1605	204038
1606	204039
1607	204042
1608	2040586
1609	2041
1610	2042057
1611	2045011
1612	2045208
1613	2045452
1614	2045
1615	204773
1616	2047
1617	2048283
1618	2048654
1619	2048897
1620	2049589
1621	2049881
1622	2051553
1623	2051906
1624	2051957
1625	2051
1626	2052657
1627	2052660
1628	2052837
1629	2054173
1630	2054227
1631	2054914
1632	2054919
1633	2054
1634	2055160
1635	2055892
1636	2055893
1637	2055
1638	2056494
1639	2057025
1640	2057246
1641	2057741
1642	2057808
1643	2057
1644	2058134
1645	2058135
1646	2058136
1647	2058137
1648	205844
1649	2058657
1650	2059264
1651	2059672
1652	2059875
1653	2059884
1654	2060307
1655	2060312
1656	2060726
1657	2061
1658	206403
1659	2065379
1660	2066051
1661	2066070
1662	2066483
1663	2066
1664	2067572
1665	2067957
1666	2067960
1667	2068654
1668	2069256
1669	2069432
1670	206
1671	2070369
1672	2070539
1673	2071623
1674	2072025
1675	2072405
1676	2072413
1677	2072414
1678	2072503
1679	2072505
1680	2072590
1681	2072936
1682	2077147
1683	2077148
1684	2077149
1685	2077182
1686	2079227
1687	2079535
1688	2079536
1689	2079575
1690	2079596
1691	2079791
1692	2079792
1693	2079793
1694	2080419
1695	2080740
1696	2080742
1697	2081702
1698	2081703
1699	208216
1700	2082188
1701	2082193
1702	208223
1703	208224
1704	208226
1705	2082949
1706	2083054
1707	2083284
1708	2083786
1709	208439
1710	208479
1711	208596
1712	2086577
1713	2086584
1714	2086585
1715	208962
1716	209053
1717	2094021
1718	2094025
1719	2094242
1720	2094
1721	2095
1722	2096
1723	2097
1724	2098
1725	2099786
1726	2099788
1727	2099789
1728	2099
1729	2100422
1730	2100
1731	2102
1732	2104
1733	2105
1734	2107713
1735	2107
1736	2108445
1737	2109558
1738	2109625
1739	2109685
1740	2109687
1741	2109688
1742	2109690
1743	2109691
1744	2109692
1745	2109913
1746	2109914
1747	2109915
1748	2109
1749	210
1750	2110
1751	211114
1752	2111
1753	2112
1754	2113
1755	2115978
1756	2115
1757	2116657
1758	2118
1759	2123
1760	2126319
1761	2126346
1762	2126553
1763	212663
1764	212767
1765	2128
1766	212
1767	2130
1768	2133959
1769	2133
1770	2135430
1771	2136172
1772	2136
1773	2137
1774	2139
1775	213
1776	2144175
1777	214473
1778	2145
1779	214856
1780	214888
1781	2148
1782	2149
1783	214
1784	2151
1785	2153385
1786	215578
1787	215591
1788	215813
1789	216142
1790	2161747
1791	2161816
1792	2161821
1793	2161872
1794	2162713
1795	2162
1796	2163011
1797	216427
1798	216465
1799	216778
1800	216816
1801	216931
1802	216933
1803	216934
1804	216935
1805	216936
1806	216937
1807	216938
1808	2169400
1809	216942
1810	216944
1811	216945
1812	216946
1813	2169539
1814	2169540
1815	2170729
1816	2170745
1817	217159
1818	2171623
1819	2171755
1820	2171980
1821	217203
1822	217204
1823	2172098
1824	2172099
1825	2172103
1826	2172536
1827	2173169
1828	2173853
1829	2173
1830	2174846
1831	2175091
1832	2176
1833	2177
1834	217
1835	2180
1836	2182384
1837	2183547
1838	2183582
1839	2183896
1840	2183911
1841	2184053
1842	2184575
1843	2185142
1844	2187
1845	2188
1846	2189
1847	2190
1848	219314
1849	219572
1850	219745
1851	2198
1852	2201181
1853	2201271
1854	2201350
1855	2201356
1856	2201999
1857	2201
1858	2202000
1859	2202148
1860	2202249
1861	2202254
1862	2202825
1863	2202826
1864	2202827
1865	2202828
1866	2203
1867	220622
1868	220697
1869	2208
1870	2209
1871	221027
1872	2210
1873	2211140
1874	2211210
1875	2211357
1876	2213057
1877	2213194
1878	2213200
1879	2213202
1880	2214
1881	2217913
1882	221822
1883	2218628
1884	2219057
1885	2219696
1886	2220095
1887	2220096
1888	222136
1889	2223
1890	2226
1891	222805
1892	2231055
1893	2234
1894	2238
1895	223967
1896	224012
1897	2242
1898	2246
1899	224719
1900	2247
1901	2249356
1902	225194
1903	2252
1904	225326
1905	2257
1906	225848
1907	2259134
1908	2259340
1909	2259595
1910	225991
1911	225992
1912	225999
1913	2261
1914	2264
1915	2265
1916	2267264
1917	2268024
1918	2269374
1919	2269
1920	2271
1921	2275
1922	2277
1923	227
1924	2280
1925	2282170
1926	2282475
1927	2282656
1928	2282738
1929	2283194
1930	2283195
1931	2283318
1932	2285
1933	228745
1934	2287
1935	228
1936	2290922
1937	2290923
1938	229155
1939	2291597
1940	2293862
1941	2293
1942	2294119
1943	229545
1944	2296
1945	229731
1946	230089
1947	2303331
1948	2303538
1949	230361
1950	2303750
1951	2303
1952	2304594
1953	2304600
1954	2304606
1955	2305508
1956	2306583
1957	231455
1958	2315862
1959	2315
1960	2316383
1961	2317
1962	2319843
1963	2319844
1964	2320858
1965	2320867
1966	2321394
1967	2321403
1968	232259
1969	2322
1970	2325
1971	232721
1972	233055
1973	233181
1974	2331
1975	2336
1976	2338327
1977	2341117
1978	234612
1979	234827
1980	2350
1981	2352
1982	235559
1983	2358
1984	2364787
1985	236753
1986	2371
1987	237609
1988	237610
1989	2382163
1990	2382165
1991	238834
1992	238
1993	239935
1994	240427
1995	240495
1996	241244
1997	241425
1998	2419771
1999	2419772
2000	2419773
2001	2419774
2002	2419841
2003	2419842
2004	2421
2005	2423
2006	2424
2007	242600
2008	242606
2009	2426
2010	242703
2011	2434
2012	243899
2013	244566
2014	244596
2015	244787
2016	245188
2017	246167
2018	246273
2019	246787
2020	246969
2021	247481
2022	247523
2023	2478662
2024	2478912
2025	2479367
2026	2479392
2027	2479393
2028	248026
2029	248315
2030	249188
2031	249402
2032	251535
2033	251701
2034	252307
2035	252514
2036	252966
2037	252970
2038	253237
2039	253239
2040	253245
2041	253
2042	255247
2043	256618
2044	256701
2045	256
2046	257708
2047	257758
2048	258224
2049	259354
2050	259537
2051	260364
2052	260552
2053	260714
2054	261164
2055	261292
2056	261302
2057	261654
2058	261964
2059	262324
2060	263437
2061	263819
2062	263906
2063	263
2064	264691
2065	264697
2066	265293
2067	265606
2068	265959
2069	265960
2070	266009
2071	266779
2072	266812
2073	266951
2074	266
2075	267128
2076	267363
2077	267818
2078	269261
2079	269660
2080	2702
2081	270351
2082	271065
2083	271097
2084	271098
2085	271420
2086	271865
2087	271
2088	272131
2089	2724
2090	273376
2091	273384
2092	2734
2093	2736
2094	2743
2095	274537
2096	274539
2097	2746
2098	2748
2099	274
2100	2751
2101	2756
2102	277988
2103	277
2104	279058
2105	279113
2106	279826
2107	279828
2108	280236
2109	28025
2110	28026
2111	28028
2112	28031
2113	28035
2114	28037
2115	28038
2116	280473
2117	28049
2118	28068
2119	28072
2120	28077
2121	28082
2122	28087
2123	28090
2124	28091
2125	28095
2126	280
2127	28107
2128	28108
2129	281093
2130	28109
2131	28110
2132	281120
2133	28112
2134	28113
2135	28116
2136	28118
2137	28119
2138	28123
2139	28129
2140	28131
2141	28132
2142	28141
2143	28151
2144	28152
2145	28173
2146	28183
2147	28187
2148	28188
2149	28189
2150	28197
2151	28198
2152	28199
2153	28200
2154	28223
2155	28227
2156	28229
2157	28232
2158	28251
2159	28258
2160	28262
2161	28264
2162	283734
2163	283811
2164	284016
2165	28446
2166	28447
2167	28448
2168	28449
2169	28450
2170	28452
2171	285091
2172	285450
2173	285473
2174	285665
2175	285
2176	286802
2177	287
2178	288000
2179	288004
2180	288965
2181	28898
2182	288
2183	28901
2184	28903
2185	289435
2186	290053
2187	290399
2188	290400
2189	291112
2190	291594
2191	291990
2192	292414
2193	292566
2194	292800
2195	29284
2196	29288
2197	292913
2198	29291
2199	29292
2200	292
2201	29303
2202	293089
2203	293091
2204	29311
2205	29322
2206	29329
2207	293371
2208	29341
2209	29343
2210	29360
2211	29370
2212	29379
2213	29382
2214	29384
2215	29385
2216	29388
2217	29391
2218	293
2219	29405
2220	29423
2221	29430
2222	29442
2223	29443
2224	29447
2225	29449
2226	29466
2227	294671
2228	294699
2229	29471
2230	29483
2231	29484
2232	29485
2233	29486
2234	29494
2235	29497
2236	29498
2237	294
2238	29501
2239	29510
2240	29518
2241	29520
2242	29542
2243	29543
2244	29546
2245	29549
2246	29553
2247	29554
2248	29555
2249	29559
2250	29571
2251	29575
2252	296591
2253	296
2254	297
2255	298653
2256	298654
2257	298656
2258	298657
2259	299146
2260	299152
2261	299262
2262	300019
2263	300231
2264	300825
2265	300
2266	301301
2267	301375
2268	302406
2269	303541
2270	303
2271	304895
2272	305
2273	307121
2274	308354
2275	308754
2276	309805
2277	309806
2278	309868
2279	309887
2280	310575
2281	310783
2282	311180
2283	311230
2284	311400
2285	312277
2286	312306
2287	312539
2288	312883
2289	313588
2290	313590
2291	313598
2292	313603
2293	313985
2294	314275
2295	314281
2296	314282
2297	314722
2298	315358
2299	315405
2300	316068
2301	316277
2302	316278
2303	316279
2304	316
2305	317577
2306	317936
2307	317
2308	318683
2309	31899
2310	319017
2311	31909
2312	31958
2313	31998
2314	32002
2315	32025
2316	320324
2317	320497
2318	32049
2319	32051
2320	32052
2321	32054
2322	320787
2323	321327
2324	321332
2325	321662
2326	321846
2327	323415
2328	323450
2329	324057
2330	324078
2331	324767
2332	325775
2333	326320
2334	326523
2335	326544
2336	327160
2337	327575
2338	328515
2339	328814
2340	329
2341	33002
2342	33010
2343	33011
2344	330214
2345	33033
2346	33034
2347	33045
2348	33047
2349	33050
2350	33052
2351	33056
2352	33059
2353	33069
2354	33070
2355	33072
2356	330734
2357	33074
2358	33075
2359	330922
2360	330
2361	331648
2362	331696
2363	332055
2364	332056
2365	332101
2366	332163
2367	332249
2368	332410
2369	332411
2370	333962
2371	334543
2372	335659
2373	336261
2374	336810
2375	336988
2376	337090
2377	337191
2378	337479
2379	337
2380	338565
2381	33871
2382	33888
2383	33903
2384	33905
2385	33910
2386	339268
2387	33932
2388	33934
2389	33936
2390	33938
2391	33940
2392	33941
2393	33943
2394	33952
2395	33959
2396	33964
2397	33970
2398	339862
2399	33989
2400	33990
2401	33994
2402	33995
2403	33996
2404	339
2405	33
2406	34003
2407	34004
2408	34018
2409	34020
2410	34021
2411	34029
2412	340345
2413	34038
2414	34062
2415	34073
2416	34085
2417	34090
2418	341045
2419	34105
2420	342113
2421	342948
2422	342949
2423	343
2424	345632
2425	347534
2426	347
2427	348043
2428	348824
2429	349221
2430	349751
2431	34
2432	351052
2433	351091
2434	351604
2435	351671
2436	351679
2437	352858
2438	353800
2439	353
2440	354356
2441	354
2442	35554
2443	35623
2444	356837
2445	356851
2446	356852
2447	35701
2448	35703
2449	357276
2450	35746
2451	35755
2452	35757
2453	35760
2454	357794
2455	357808
2456	35786
2457	35789
2458	35795
2459	35799
2460	35806
2461	35814
2462	358220
2463	35841
2464	358766
2465	358
2466	359110
2467	359303
2468	359370
2469	359408
2470	359
2471	360911
2472	361183
2473	361575
2474	362257
2475	362787
2476	362837
2477	363852
2478	364197
2479	364317
2480	364410
2481	365349
2482	365617
2483	366522
2484	366602
2485	367190
2486	36745
2487	36746
2488	367477
2489	36805
2490	36809
2491	36814
2492	36822
2493	36854
2494	368607
2495	36861
2496	36873
2497	370405
2498	370526
2499	370764
2500	372663
2501	37326
2502	37329
2503	37330
2504	37332
2505	37372
2506	373994
2507	373
2508	374106
2509	374162
2510	374606
2511	37487
2512	374981
2513	374982
2514	375175
2515	375286
2516	375929
2517	375
2518	37636
2519	376489
2520	376805
2521	37692
2522	376
2523	37734
2524	377615
2525	379064
2526	379067
2527	37919
2528	37927
2529	37928
2530	37929
2531	379347
2532	379547
2533	380021
2534	38027
2535	380749
2536	380
2537	381751
2538	381
2539	38288
2540	38289
2541	38293
2542	382
2543	38300
2544	38301
2545	38302
2546	38305
2547	38310
2548	38313
2549	38323
2550	384
2551	386487
2552	386891
2553	387092
2554	387093
2555	387343
2556	388357
2557	388413
2558	388640
2559	388950
2560	389348
2561	38986
2562	390884
2563	391036
2564	39152
2565	392416
2566	392734
2567	393662
2568	393921
2569	394751
2570	39483
2571	39485
2572	39488
2573	39491
2574	394958
2575	395598
2576	395922
2577	395961
2578	39645
2579	396595
2580	39664
2581	39669
2582	396
2583	397260
2584	39765
2585	39766
2586	39768
2587	39775
2588	397865
2589	398743
2590	398
2591	399497
2592	39950
2593	39960
2594	399736
2595	399742
2596	399
2597	400065
2598	400092
2599	400668
2600	40137
2601	401472
2602	401619
2603	40214
2604	40215
2605	40216
2606	402384
2607	40269
2608	40318
2609	40324
2610	403957
2611	404011
2612	404589
2613	405212
2614	40542
2615	40576
2616	40577
2617	405
2618	406552
2619	407020
2620	407035
2621	40754
2622	408015
2623	408
2624	409322
2625	40988
2626	40989
2627	40990
2628	410330
2629	411153
2630	412593
2631	412690
2632	41276
2633	412963
2634	413497
2635	413501
2636	413502
2637	413503
2638	413810
2639	413882
2640	413888
2641	413889
2642	414771
2643	414778
2644	414996
2645	414
2646	415229
2647	416273
2648	41673
2649	417368
2650	418008
2651	419257
2652	419475
2653	419479
2654	41977
2655	41
2656	420950
2657	421767
2658	42197
2659	421
2660	42253
2661	42256
2662	423351
2663	423605
2664	42422
2665	42443
2666	42444
2667	426114
2668	426117
2669	42684
2670	426
2671	427923
2672	42817
2673	42838
2674	428411
2675	42862
2676	428712
2677	42879
2678	430522
2679	43080
2680	430914
2681	431306
2682	432329
2683	43263
2684	43305
2685	43357
2686	435897
2687	435
2688	436114
2689	436515
2690	43657
2691	43658
2692	43661
2693	43662
2694	43669
2695	43674
2696	43675
2697	43687
2698	436
2699	437505
2700	43767
2701	43770
2702	43771
2703	438
2704	43948
2705	43989
2706	43
2707	44001
2708	44008
2709	44012
2710	441209
2711	441500
2712	44251
2713	44255
2714	442
2715	443143
2716	443144
2717	443156
2718	444103
2719	444444
2720	44449
2721	444612
2722	445576
2723	445709
2724	445710
2725	44574
2726	44577
2727	446660
2728	446679
2729	446683
2730	446692
2731	44674
2732	446860
2733	446
2734	447217
2735	44742
2736	447471
2737	44930
2738	449
2739	450378
2740	45067
2741	450734
2742	450
2743	451
2744	45243
2745	452
2746	453230
2747	453304
2748	45361
2749	45362
2750	45363
2751	453816
2752	454171
2753	454601
2754	45497
2755	455432
2756	45610
2757	45634
2758	45658
2759	45663
2760	456827
2761	458033
2762	459526
2763	45972
2764	46127
2765	461876
2766	46234
2767	463014
2768	463025
2769	463040
2770	46354
2771	46355
2772	463
2773	46429
2774	46541
2775	465541
2776	465721
2777	466153
2778	46677
2779	46679
2780	46867
2781	470934
2782	470
2783	471189
2784	471223
2785	471827
2786	471
2787	472175
2788	472181
2789	472569
2790	472834
2791	473531
2792	47466
2793	475088
2794	475662
2795	476157
2796	47678
2797	476
2798	47715
2799	47716
2800	47735
2801	47763
2802	477641
2803	477680
2804	47770
2805	477976
2806	47834
2807	47835
2808	47857
2809	47858
2810	47865
2811	47872
2812	47878
2813	47879
2814	47880
2815	47883
2816	47884
2817	47885
2818	47917
2819	479978
2820	48003
2821	480520
2822	480
2823	481146
2824	481743
2825	482462
2826	482564
2827	482957
2828	48296
2829	483547
2830	483937
2831	483
2832	484429
2833	484770
2834	485
2835	48664
2836	486
2837	487184
2838	487316
2839	487
2840	488446
2841	488447
2842	488546
2843	488729
2844	488731
2845	488732
2846	48935
2847	489
2848	48
2849	490759
2850	49319
2851	49338
2852	495
2853	497724
2854	497965
2855	498846
2856	49899
2857	499229
2858	499555
2859	50052
2860	500
2861	502394
2862	502558
2863	502682
2864	50339
2865	504
2866	505249
2867	507626
2868	511062
2869	511435
2870	511746
2871	51197
2872	511
2873	51229
2874	512649
2875	512763
2876	513050
2877	51365
2878	51515
2879	515256
2880	515393
2881	516051
2882	516075
2883	51663
2884	51665
2885	51669
2886	519472
2887	52022
2888	52133
2889	521
2890	52227
2891	522485
2892	52443
2893	52584
2894	52765
2895	52773
2896	528191
2897	528244
2898	529884
2899	529
2900	52
2901	530584
2902	531813
2903	531844
2904	53336
2905	53345
2906	53346
2907	53358
2908	53399
2909	533
2910	53408
2911	53412
2912	53437
2913	53444
2914	53461
2915	53558
2916	535712
2917	535744
2918	536018
2919	53635
2920	536441
2921	536
2922	53946
2923	53952
2924	53953
2925	539
2926	54077
2927	54120
2928	54248
2929	54252
2930	54254
2931	54259
2932	54261
2933	54262
2934	54299
2935	542
2936	54308
2937	543877
2938	543913
2939	544580
2940	545612
2941	545619
2942	54571
2943	545
2944	546160
2945	546367
2946	546871
2947	546874
2948	546
2949	547188
2950	54736
2951	548
2952	54913
2953	549298
2954	549
2955	550
2956	55148
2957	551760
2958	55197
2959	55205
2960	55206
2961	55208
2962	55211
2963	552810
2964	552
2965	553239
2966	553510
2967	553814
2968	553
2969	554
2970	55508
2971	55518
2972	55583
2973	55601
2974	556053
2975	556054
2976	556287
2977	556288
2978	556325
2979	556
2980	55802
2981	558152
2982	561879
2983	562
2984	563177
2985	563
2986	564064
2987	56426
2988	56448
2989	56450
2990	56458
2991	56459
2992	56460
2993	564
2994	565033
2995	56730
2996	56812
2997	568766
2998	56877
2999	56956
3000	56957
3001	569
3002	56
3003	57029
3004	571256
3005	571800
3006	571913
3007	571915
3008	571
3009	57320
3010	573569
3011	573570
3012	573600
3013	57372
3014	573737
3015	573
3016	57480
3017	57487
3018	575200
3019	575
3020	576610
3021	576611
3022	57704
3023	57705
3024	57706
3025	57975
3026	580165
3027	58049
3028	58138
3029	58180
3030	582419
3031	58290
3032	582
3033	584609
3034	584
3035	585423
3036	585425
3037	585455
3038	585
3039	586416
3040	587753
3041	587
3042	588898
3043	588932
3044	588
3045	589382
3046	589436
3047	589437
3048	589873
3049	591154
3050	591197
3051	592316
3052	59310
3053	593909
3054	59405
3055	594679
3056	59505
3057	59600
3058	59610
3059	59748
3060	59843
3061	598467
3062	59930
3063	60217
3064	603050
3065	604330
3066	60478
3067	60480
3068	60481
3069	60520
3070	60550
3071	60847
3072	60890
3073	60893
3074	60920
3075	60961
3076	61015
3077	61435
3078	615
3079	61624
3080	61635
3081	61645
3082	61646
3083	61647
3084	61651
3085	61652
3086	616991
3087	617123
3088	62088
3089	621376
3090	62320
3091	62322
3092	624186
3093	626937
3094	627192
3095	628
3096	629680
3097	62977
3098	630129
3099	630515
3100	630
3101	631220
3102	63186
3103	632569
3104	632773
3105	63363
3106	633807
3107	633
3108	634113
3109	63612
3110	636
3111	63745
3112	637971
3113	638619
3114	639310
3115	639313
3116	63
3117	640511
3118	640512
3119	64104
3120	641107
3121	64160
3122	642780
3123	643214
3124	643674
3125	644281
3126	64471
3127	644968
3128	644
3129	645517
3130	645
3131	64897
3132	649756
3133	649831
3134	649841
3135	650378
3136	65058
3137	65093
3138	651143
3139	65123
3140	651457
3141	651740
3142	651
3143	652716
3144	652787
3145	652
3146	65393
3147	654
3148	655015
3149	655307
3150	65553
3151	65555
3152	656024
3153	656178
3154	656179
3155	656366
3156	656519
3157	65741
3158	657445
3159	658062
3160	66084
3161	66219
3162	66269
3163	663364
3164	663
3165	664962
3166	665099
3167	665914
3168	666685
3169	666686
3170	666
3171	66821
3172	668
3173	669041
3174	669359
3175	669502
3176	66969
3177	669
3178	670052
3179	670
3180	671211
3181	671223
3182	67267
3183	672
3184	67304
3185	673372
3186	673860
3187	673862
3188	673
3189	674703
3190	674
3191	675864
3192	676
3193	67760
3194	67780
3195	67824
3196	67825
3197	67827
3198	67854
3199	679318
3200	680279
3201	680
3202	68173
3203	68179
3204	68192
3205	68202
3206	68203
3207	68209
3208	68214
3209	68223
3210	68246
3211	68249
3212	68280
3213	682998
3214	684552
3215	68570
3216	686597
3217	687
3218	68895
3219	68909
3220	689
3221	69218
3222	69220
3223	69223
3224	692370
3225	693075
3226	693444
3227	69373
3228	69395
3229	69499
3230	69525
3231	69539
3232	696485
3233	69666
3234	69823
3235	698828
3236	69966
3237	69
3238	701042
3239	702113
3240	702114
3241	702115
3242	70255
3243	70258
3244	702967
3245	703
3246	70775
3247	70799
3248	708126
3249	708131
3250	708186
3251	70863
3252	70864
3253	709797
3254	709883
3255	710111
3256	712122
3257	712270
3258	712310
3259	712357
3260	712368
3261	712411
3262	712528
3263	712538
3264	712633
3265	712710
3266	712991
3267	713030
3268	713887
3269	71433
3270	714
3271	715451
3272	715
3273	71667
3274	716816
3275	716925
3276	716
3277	717609
3278	717785
3279	718217
3280	718
3281	71997
3282	71998
3283	71999
3284	722472
3285	722731
3286	72361
3287	726
3288	727
3289	72803
3290	728066
3291	729
3292	72
3293	730
3294	73141
3295	731
3296	732
3297	738
3298	73913
3299	73919
3300	739
3301	74033
3302	74109
3303	74313
3304	74318
3305	743722
3306	74426
3307	744985
3308	745310
3309	745377
3310	746691
3311	74700
3312	747
3313	748247
3314	748280
3315	74829
3316	748811
3317	74969
3318	750
3319	75105
3320	751944
3321	75385
3322	754397
3323	754409
3324	754417
3325	754423
3326	754429
3327	754476
3328	754477
3329	754
3330	755307
3331	755731
3332	75588
3333	75612
3334	75658
3335	756883
3336	756892
3337	75697
3338	758793
3339	758802
3340	75906
3341	759620
3342	75985
3343	76123
3344	76124
3345	76258
3346	762954
3347	76517
3348	76594
3349	766224
3350	76731
3351	76758
3352	76759
3353	76760
3354	767892
3355	76832
3356	76853
3357	76860
3358	76887
3359	76936
3360	76947
3361	769
3362	77038
3363	770
3364	774
3365	777
3366	779
3367	78258
3368	78259
3369	782
3370	78327
3371	784
3372	78587
3373	785
3374	786
3375	787
3376	788
3377	79209
3378	79329
3379	794846
3380	794903
3381	795665
3382	79601
3383	79604
3384	797277
3385	79880
3386	79883
3387	79885
3388	7
3389	803
3390	80679
3391	80816
3392	80842
3393	80849
3394	80852
3395	80854
3396	80867
3397	80868
3398	80869
3399	81028
3400	81032
3401	813
3402	81412
3403	81459
3404	81462
3405	81468
3406	81475
3407	81479
3408	817
3409	818
3410	82076
3411	821
3412	82348
3413	824
3414	82541
3415	82654
3416	826
3417	827
3418	82983
3419	82985
3420	82987
3421	82996
3422	83171
3423	831
3424	83262
3425	83263
3426	833
3427	83406
3428	83453
3429	83455
3430	83552
3431	83554
3432	83555
3433	83556
3434	83557
3435	83558
3436	83559
3437	83560
3438	83561
3439	83683
3440	837
3441	83816
3442	83984
3443	83986
3444	839
3445	84022
3446	84030
3447	84032
3448	84110
3449	84112
3450	84156
3451	84159
3452	84163
3453	84292
3454	84377
3455	84378
3456	84405
3457	844
3458	84531
3459	84590
3460	84595
3461	84599
3462	84757
3463	847
3464	84980
3465	849
3466	85085
3467	850
3468	851
3469	853
3470	85404
3471	85643
3472	85683
3473	85698
3474	856
3475	85701
3476	857417
3477	85874
3478	859143
3479	859653
3480	85991
3481	859
3482	860235
3483	860
3484	86106
3485	861299
3486	86170
3487	861
3488	86265
3489	862751
3490	86304
3491	86332
3492	863643
3493	863
3494	864051
3495	864702
3496	86660
3497	86664
3498	86665
3499	866790
3500	868131
3501	870903
3502	870
3503	873
3504	875171
3505	875328
3506	87541
3507	876
3508	877455
3509	878220
3510	87883
3511	879274
3512	879567
3513	879
3514	88058
3515	880
3516	881260
3517	881
3518	882104
3519	884684
3520	885581
3521	88688
3522	889453
3523	89059
3524	89154
3525	89184
3526	891974
3527	897
3528	899
3529	901
3530	90245
3531	905
3532	907
3533	911045
3534	911092
3535	912630
3536	912
3537	913109
3538	913
3539	914150
3540	915
3541	91604
3542	916
3543	91844
3544	91915
3545	920
3546	921
3547	92245
3548	92400
3549	92401
3550	925818
3551	92644
3552	92645
3553	926
3554	927083
3555	927
3556	92942
3557	92945
3558	92947
3559	929813
3560	930166
3561	93064
3562	930802
3563	930805
3564	930806
3565	931866
3566	93218
3567	93219
3568	93220
3569	93221
3570	93222
3571	93378
3572	93466
3573	935293
3574	936456
3575	936476
3576	938406
3577	93929
3578	93930
3579	93973
3580	940614
3581	940615
3582	940
3583	94122
3584	94132
3585	941907
3586	94254
3587	944547
3588	944
3589	945844
3590	945
3591	94624
3592	946333
3593	94694
3594	948107
3595	948519
3596	948
3597	950
3598	951
3599	95300
3600	95485
3601	95486
3602	954
3603	959
3604	960
3605	96230
3606	96344
3607	96345
3608	964
3609	96773
3610	96942
3611	97084
3612	971279
3613	971
3614	97393
3615	97477
3616	97478
3617	979
3618	980427
3619	98228
3620	983544
3621	983545
3622	983548
3623	984991
3624	984
3625	985002
3626	985052
3627	985762
3628	985
3629	986
3630	991904
3631	994692
3632	994695
3633	994696
3634	99598
3635	995
3636	996801
3637	996
3638	999
3639	9