0	33075
0	940614
0	940615
0	392734
0	870903
0	458033
1	53635
1	28049
1	2006
1	52773
1	544580
1	111015
1	59505
1	28264
1	2051
1	1661
1	638619
1	1680
1	1683
1	28025
1	1684
1	1681
1	1685
1	1687
1	1689
1	216816
1	1694
1	158787
1	33905
1	2702
1	78258
1	78259
1	304895
1	1697
1	203263
1	42817
1	191610
1	169292
1	1721
1	161896
1	160386
1	1652495
1	1408191
1	1717
1	1121358
1	152794
1	1050174
1	108486
1	28028
1	1230998
1	1718
1	1404244
1	225326
1	1223514
1	156978
1	38289
1	161879
1	35755
1	1231000
1	349751
1	575200
1	571915
1	161895
1	1719
1	258224
1	146827
1	161899
1	191493
1	1705
1	89154
1	136857
1	43771
1	401472
1	1072256
1	1727
1	38305
1	1528099
1	499555
1	2054
1	84595
1	2055
1	639313
1	1764
1	339268
1	29311
1	1767
1	1768
1	1769
1	1781
1	1773
1	36809
1	1774
1	875328
1	1791
1	1800
1	1766
1	1804
1	134601
1	758802
1	1795
1	1771
1	36814
1	1772
1	1810
1	110539
1	37326
1	135487
1	37329
1	37330
1	37332
1	191292
1	1833
1	1828
1	43767
1	132919
1	103816
1	286802
1	2061
1	1859
1	106370
1	298654
1	656024
1	138336
1	1861
1	477641
1	283811
1	131568
1	84757
1	1703
1	1708
1	1711
1	11
1	43669
1	1630135
1	472569
1	1274
1	1276
1	571913
1	53358
1	43674
1	453304
1	28447
1	1619308
1	670052
1	69373
1	1575
1	36805
1	84292
1	300019
1	2033
1	412690
1	145458
1	33888
1	529884
1	656366
1	256701
1	446860
1	71999
1	72000
1	1270
1	556325
1	43663
1	85085
1	361575
1	121292
1	1646
1	2047
1	43675
1	37927
1	2039
1	1710
1	372663
1	139208
1	186189
1	60920
1	196914
1	1866
1	47850
1	168697
1	168695
1	1003110
1	53461
1	2041
1	182640
1	450734
1	2045
1	1748
1	1747
1	33010
1	29405
1	1744
1	1750
1	399497
1	1610493
1	1470176
1	340345
1	40567
1	208439
1	33910
1	1814
1	860235
1	43357
1	1586287
1	530584
1	240495
1	1852
1	1836
1	103731
1	1894
1	2066
1	1940
1	67267
1	1888
1	1642299
1	75293
1	33903
1	379067
1	29303
1	1901
1	1902
1	42684
1	1907
1	68214
1	1911
1	1437453
1	1915
1	47763
1	193462
1	1971
1	1355015
1	38300
1	164348
1	1930
1	54571
1	362257
1	408015
1	53437
1	2014
1	2021
1	2001
1	2020
1	1382
1	133926
1	33871
1	446660
1	84163
1	79604
1	84112
1	1841863
1	1944646
1	84110
1	42256
1	49319
1	191495
2	63363
2	940
2	136094
2	75906
2	412593
2	309805
2	309806
2	64160
2	228745
3	1005039
4	166501
5	29549
5	146919
5	47678
5	246787
5	817
5	28116
5	376805
5	818
5	821
5	397865
5	1642647
5	28118
5	185300
5	1642646
5	28123
5	837
5	28129
5	76123
5	589436
5	28131
5	839
5	214856
5	1433126
5	823
5	28112
5	889453
5	1168034
5	1307839
5	79329
5	1176587
5	446683
5	354356
5	249402
5	999
5	232259
5	104
5	390884
5	985
5	94254
5	316068
5	106
5	1211326
5	1178516
5	1379870
5	564064
5	1006
5	1411621
5	1446467
5	388950
5	400092
5	512763
5	1653831
5	164514
5	191579
5	253245
5	101385
5	1736674
5	616991
5	28188
5	45243
5	1018
5	59600
5	76594
5	979
5	253
5	313588
5	326320
5	1117645
5	55197
5	996
5	1763534
5	1492737
5	312277
5	986
5	96345
5	1486245
5	411153
5	1486034
5	1622118
5	516051
5	111501
5	480520
5	328515
5	319236
5	28251
5	996801
5	1774273
5	57029
5	34085
5	252307
5	762954
5	669041
5	1014
5	1790137
5	63186
5	398743
5	2350
5	1008
5	188932
5	984
5	430522
5	151895
5	995
6	693075
7	187145
8	1457141
8	83557
8	83556
8	1457153
8	83560
8	85991
8	83558
8	83554
8	83559
8	813
8	389348
8	83552
8	83561
8	71667
9	274537
9	274539
9	1097
9	337090
9	1092
9	1096
9	1094
9	100716
9	1100
9	34090
9	1102
10	167964
10	1986204
10	133453
10	152260
10	1108
10	120962
10	61435
10	1839801
10	552810
10	2057
10	500
11	936456
12	35786
13	379064
13	1126
13	54299
13	718217
13	1165
13	272131
13	1164
13	1940762
13	32054
13	241425
13	1206
13	1155739
13	118323
13	482564
13	102116
13	54308
13	155978
13	1184
13	1219
13	1209493
13	59930
13	292566
13	32046
13	146786
13	1416614
13	33072
14	477976
14	197162
14	118000
14	2352
15	310783
15	68909
15	502394
15	309887
15	432329
15	55148
15	1182568
15	1299
15	1309411
15	1182571
15	332249
15	186192
15	277
15	52022
15	187137
15	271
15	56956
15	56957
15	37636
15	274
16	14
16	513050
17	423605
17	1408281
18	833
19	405212
19	33943
19	1449
19	294699
19	198467
19	1390
19	1392
19	1452
19	632773
19	1413
19	1396
19	79880
19	1398
19	580165
19	86664
19	1664069
19	79883
19	324767
19	199441
19	1402
19	1404
19	1471
19	1405
19	665099
19	79885
19	1408
19	1478
19	1479
19	1423
19	1428
19	1547283
19	1221500
19	33940
19	33941
19	1570
19	402384
19	1472767
19	28031
19	1421
19	182710
19	1426
19	1230341
19	586416
19	1482
19	163877
19	332410
19	1639
19	1393
19	1465
19	1126833
19	160799
19	1616788
19	414771
19	44251
19	1464
19	61624
19	162209
19	189426
19	1406
19	169760
19	1178515
19	1462996
19	377615
19	1508404
19	161360
19	1374
19	200991
19	241244
19	76853
19	1476
19	1571
19	85683
19	1849491
19	1855823
19	407035
19	1280
19	29388
19	70255
19	1282
19	246432
19	1283
19	1284
19	28035
19	155085
19	170573
19	283734
19	29385
19	1296
19	1286
19	61015
19	1292
19	1288
19	1471761
19	87541
19	119206
19	1376
19	128944
19	1377
19	147709
19	2751
19	708126
19	37734
19	1351
19	1352
19	1354
19	53346
19	33970
19	51669
19	633807
19	519472
19	1600
19	89059
19	1579
19	1601
19	83683
19	1603
19	1604
19	375175
19	1580
19	1581
19	392416
19	1138822
19	28038
19	1584
19	1613
19	52242
19	1596
19	1007676
19	1074467
19	1587
19	1193095
19	109790
19	267818
19	637971
19	148814
19	53444
19	97478
19	152331
19	1597
19	240427
19	1590
19	1598
19	47715
19	1623
19	1599
19	1624
19	1625
19	267363
19	1254
19	187452
19	51663
19	1255
19	1252
19	33964
19	1244
19	136609
19	1246
19	1245
19	1247
19	759620
19	137591
19	1631871
19	165096
19	1363
19	1358
19	1364
19	1311
19	1328
19	45634
19	1334
19	1336
19	315405
19	1302
19	1814128
19	1888195
19	1346
19	1338
19	1825069
19	28037
19	1309
19	1811193
19	1318
19	1348
19	1313
19	1314
19	1304
19	1305
19	1307
19	1308
19	1349
19	1805714
19	208226
19	461876
19	84022
19	1488
19	29341
19	84023
19	1561
19	1520
19	1216932
19	1491
19	1492
19	217159
19	1493
19	46867
19	238834
19	1497
19	1534
19	1542
19	1501
19	1502
19	169679
19	36745
19	394958
19	1513
19	1519
19	1424294
19	143393
19	73919
19	1297617
19	33952
19	39485
19	1736
19	35701
19	288965
19	1515
19	884684
19	1521
19	1510
19	649756
19	28446
19	185008
19	43305
19	29360
19	84030
19	1871021
19	66219
19	39491
19	301301
19	351091
19	55583
19	51515
19	102134
19	36854
19	233055
19	49338
19	142877
19	58138
19	885581
19	79209
19	1563
19	1833852
19	1565
19	59610
19	1564
19	51197
19	1511
19	1496
19	143361
19	1731
19	253239
19	292800
19	29343
19	1264
19	1160721
19	2734
19	863
19	86170
19	656519
19	2331
19	31909
19	28187
19	42422
19	375929
19	42838
19	911092
19	129958
19	1525
19	499229
19	85874
19	108150
19	2325
19	46354
19	31899
19	44001
19	1517
19	29329
19	291990
19	252966
19	184064
19	1514105
19	1648
19	1702221
19	243899
19	1871025
19	1555112
19	905
19	187327
19	971
19	69823
19	365349
19	39950
19	907
19	1702287
19	29466
19	1556
19	1870984
19	33034
19	1260
19	33033
19	1852374
20	851
20	167642
20	40542
20	826
20	187101
20	34105
21	173480
21	1379270
22	591197
22	1134405
23	1307763
24	178606
24	180
24	330214
24	1325564
24	42253
24	28262
25	547188
25	128
25	1387353
25	466153
25	1891926
25	125
25	120
25	265606
25	119
26	33059
26	160808
26	920
26	349221
26	991904
26	78587
26	588932
26	74313
26	41276
26	69395
26	88688
26	155892
26	284016
26	1124597
26	208216
26	1486262
26	293089
26	1318743
26	1686310
26	388640
26	774
26	56426
26	33045
26	38323
26	803
26	85701
26	33047
26	533
26	199596
26	1526658
26	1355477
26	1274631
26	375
26	44255
26	912
26	913
26	40137
26	1076
26	29459
26	529
26	419475
26	1079
26	53399
26	1427356
26	531813
26	1069
26	270351
26	114616
26	31998
26	223967
26	655015
26	83263
26	39645
26	472175
26	1176649
26	373
26	106592
26	1273132
26	399
26	29449
26	56730
26	384
26	398
26	380
26	110321
26	382
26	1384459
26	1235591
26	256618
26	7
26	921
26	280
26	2724
26	81032
26	74318
26	1208324
26	1397108
26	1335048
26	215813
26	379347
26	1579316
26	92947
26	92945
26	187304
26	133924
26	42444
26	53946
26	1458307
26	121719
26	34003
26	1945662
26	266
26	147645
26	1250539
26	60890
26	1844006
26	441209
26	1061
26	1063
26	35806
26	159346
26	2434
26	42443
26	215743
26	89184
26	1229727
26	1402135
26	299262
26	1915078
26	245188
26	435
26	481146
26	1076596
26	446692
26	62140
26	91915
26	33996
26	442
26	364410
26	1177712
26	28448
26	153496
26	320497
26	1510841
26	257708
26	192
26	528244
26	1549855
26	55518
26	84159
26	28077
26	1084
26	34018
26	1085
26	220697
26	171437
26	769
26	770
26	948
26	944
26	945
26	35795
26	779
26	33994
26	950
26	951
26	80849
26	246273
26	163164
26	77038
26	100901
26	784
26	786
26	33989
26	787
26	33990
26	788
26	781
26	42862
26	35790
26	782
26	33992
26	785
26	1267766
26	692370
26	361183
26	476157
26	543877
26	645517
26	450378
26	1348774
26	1648404
26	192812
26	502682
26	39960
26	1112
26	48935
26	205844
26	158500
26	1332080
26	46429
26	76947
26	332056
26	1609977
26	93064
26	152682
26	1560345
26	397260
26	1549858
26	160791
26	117207
26	1515612
26	267128
26	33050
26	33052
26	266812
26	542
26	233181
26	85698
26	302406
26	511
26	1472345
26	521
26	463025
26	518
26	463040
26	103855
26	35814
26	519
26	520
26	94624
26	123899
26	75697
26	1851544
26	643674
26	84590
26	29575
26	292
26	28095
26	13373
26	28450
26	101571
26	68895
26	82541
26	119219
26	106590
26	93220
26	445709
26	148447
26	412963
26	948107
26	36873
26	576611
26	1835254
26	576610
26	105219
26	329
26	305
26	413882
26	34029
26	105560
26	946333
26	76731
26	28068
26	926
26	80867
26	179636
26	225992
26	1082851
26	285
26	80866
26	1546149
26	216465
26	94132
26	81479
26	192843
26	1484693
26	34073
26	364317
26	279113
26	92645
26	341045
26	964
26	204773
26	55508
26	1141883
26	847
26	536
26	168471
26	495
26	485
26	486
26	487
26	490
26	28091
26	1196083
26	63
26	1188319
26	370405
26	63745
26	649841
26	359408
26	1055487
26	266009
26	44574
26	915
26	916
26	44577
26	35799
26	1288494
26	1231
26	748811
26	36861
26	259537
26	551760
26	146939
26	418699
26	96773
26	1134435
26	453230
26	2296
26	28223
26	897
26	181663
26	65555
26	84980
26	427923
26	45663
26	899
26	132132
26	873
26	58180
26	876
26	44742
26	184917
26	901
26	880
26	881
26	29546
26	182210
26	1716143
26	33002
26	84405
26	1603606
26	29542
26	19
26	29543
26	483547
26	225194
26	1203471
26	313985
26	28232
26	345632
26	35554
26	351604
26	161493
26	48
26	41
26	184914
26	33
26	83455
26	34
26	52
26	56
26	927083
26	1391653
26	60893
26	2358
26	316277
26	119484
26	28197
26	28199
26	195
26	199
26	374106
26	200
26	196
26	824
26	28898
26	1813019
26	76517
26	198
26	1244531
26	260714
26	197
26	201
26	1965231
26	206
26	827
26	1031542
26	44674
26	366522
26	65553
26	66821
26	269261
26	37372
26	138563
26	213
26	214
26	32025
26	1591088
26	217
26	210
26	76936
26	148813
26	202747
26	39766
26	844
26	206403
26	244787
26	644
26	645
26	652
26	1416627
26	43948
26	680279
26	589873
26	28108
26	233316
26	300231
26	1526571
26	2743
26	330734
26	1420917
26	1874317
26	326544
26	28229
26	1763536
26	44012
26	135577
26	1096243
26	80854
26	288
26	28107
26	43657
26	161398
26	43662
26	43658
26	298657
26	166935
26	357794
26	60478
26	62322
26	192073
26	56812
26	93973
26	359303
26	70863
26	70864
26	404011
26	225848
26	271097
26	60217
26	870
26	155077
26	86304
26	447471
26	2426
26	930805
26	930806
26	260552
26	252514
26	716816
26	1470434
26	1049
26	37487
26	133539
26	1229
26	473531
26	73141
26	80679
26	160660
26	351052
26	1053
26	1335757
26	1335746
26	186931
26	108010
26	1033854
26	106634
26	437505
26	927
26	1579979
26	1548547
26	82985
26	703
26	1505597
26	1505596
26	158822
26	546
26	28141
26	550
26	158836
26	891974
26	1199245
26	134287
26	1835721
26	562
26	548
26	571
26	573
26	208223
26	1158459
26	1334193
26	61647
26	28901
26	563
26	9
26	552
26	182337
26	1619313
26	549
26	1891675
26	553
26	1076550
26	53336
26	51229
26	1821960
26	82983
26	634113
26	582
26	230089
26	584
26	588
26	40576
26	351671
26	351679
26	628
26	1089444
26	204042
26	554
26	1239307
26	34038
26	47917
26	614
26	615
26	61652
26	630
26	632
26	29486
26	113267
26	410330
26	1248727
26	1249552
26	1543721
26	1076588
26	1810504
26	777
26	325775
26	1867846
26	96230
26	449
26	450
26	29423
26	446
26	451
26	414
26	271065
26	1538553
26	421
26	1704499
26	465721
26	59754
26	285091
26	1306787
26	158327
26	158080
26	28258
26	1897729
26	213554
26	507626
26	1178482
26	376489
26	157779
26	914150
26	261964
26	1144748
26	119864
26	936476
26	188908
26	187493
26	141451
26	1445505
26	1267021
26	1196095
26	67854
26	716
26	714
26	157673
26	47735
26	750
26	738
26	730
26	727
26	731
26	75985
26	747
26	470
26	1871111
26	1324350
26	40214
26	40215
26	1789224
26	48296
26	108981
26	487316
26	480
26	34062
26	29433
26	261164
26	334543
26	45610
26	353
26	354
26	1697053
26	287
26	43263
26	74829
26	53408
26	294
26	47880
26	300
26	76759
26	380021
26	237610
26	303
26	53412
26	216142
26	316
26	317
26	251701
26	594679
26	549298
26	954
26	28110
26	263
26	39765
26	754477
26	754476
26	1238
26	92245
26	147268
26	288004
26	40754
26	668
26	40269
26	80852
26	673
26	38293
26	1295392
26	74109
26	663
26	55601
26	553239
26	680
26	666
26	190893
26	676
26	687
26	28173
26	670
26	45658
26	212663
26	1435069
26	29498
26	672
26	323415
26	1379159
26	445710
26	81475
26	666685
26	84531
26	435897
26	415229
26	314722
26	128780
26	40324
26	83617
26	216778
26	339
26	346
26	48664
26	90270
26	347
26	56458
26	343
26	2371
26	97084
26	959
26	453816
27	159
27	84378
27	52584
27	143
27	40834
27	140
27	47466
27	142
27	1674146
27	29518
27	64897
27	139
27	29519
27	62088
27	1307761
27	55206
27	273376
27	1131703
27	1131707
27	46355
27	154
27	150829
27	81028
27	215591
27	158
27	160
27	409322
27	88058
27	221027
27	167
27	28452
27	172
27	174
27	173
27	28183
27	29510
28	97477
28	81468
28	1197717
28	81462
28	336261
29	61635
29	2148
29	35623
29	38986
29	229545
29	100379
29	2151
29	2137
29	362837
29	216933
29	2133
29	216935
29	216936
29	315358
29	216938
29	47834
29	216942
29	2144
29	216944
29	216945
29	2145
29	216946
29	2110
29	2094
29	2111
29	28903
29	45362
29	2113
29	29554
29	29555
29	2095
29	50052
29	171284
29	86660
29	2115
29	2128
29	2096
29	2097
29	2098
29	2099
29	2100
29	2118
29	2102
29	171632
29	984991
29	28227
29	2104
29	48003
29	2107
29	2123
29	57372
29	2109
29	65123
29	51365
29	134821
30	1653476
30	171695
30	1741
30	1295609
31	651457
31	1330330
31	1184387
31	1006576
31	149715
31	69499
31	2424
31	93466
31	2421
31	46541
31	57487
31	177758
31	119394
31	1508419
31	2336
31	2337
31	1508420
32	591154
32	511746
32	1838286
32	107709
32	395922
32	1679444
32	239935
